J2=0.0, J3=0.2
T 	 m1 	 Z
1.0e-5 	 1.0 	 0.0
0.10001 	 1.0 	 0.0
0.20001 	 1.0 	 0.0
0.30001 	 1.0 	 0.0
0.40001 	 1.0 	 0.0
0.50001 	 1.0 	 0.0
0.60001 	 0.99999 	 0.0
0.70001 	 0.99993 	 0.0
0.80001 	 0.99974 	 0.0
0.90001 	 0.99929 	 0.0
1.00001 	 0.99837 	 0.0
1.10001 	 0.99676 	 0.0
1.20001 	 0.99421 	 0.0
1.30001 	 0.99043 	 0.0
1.40001 	 0.98515 	 0.0
1.50001 	 0.97808 	 0.0
1.60001 	 0.96889 	 0.0
1.70001 	 0.95727 	 0.0
1.80001 	 0.94287 	 0.0
1.90001 	 0.92529 	 0.0
2.00001 	 0.9041 	 0.0
2.10001 	 0.87877 	 0.0
2.20001 	 0.84869 	 0.0
2.30001 	 0.81308 	 0.0
2.40001 	 0.77092 	 0.0
2.50001 	 0.72079 	 0.0
2.60001 	 0.66062 	 0.0
2.70001 	 0.58704 	 0.0
2.80001 	 0.49376 	 0.0
2.90001 	 0.36559 	 0.0
3.00001 	 0.11791 	 0.0
3.10001 	 0.0 	 0.0
3.20001 	 0.0 	 0.0
3.30001 	 -0.0 	 0.0
3.40001 	 0.0 	 0.0
